1	111001	2019100001	2	32	0	1	1	2	100	90	1101	1116	10	
2019200101
2019200102
2019200103
2019200104
2019200105
2019200106
2019200107
2019200108
2019200109
2019200110
	1-001	C	BOOK1	COURSEDESCRIBE1
0	111002	2019100002	2	32	0	1	3	2	100	100	1101	1116	0		1-002	JAVA	BOOK2	COURSEDESCRIBE2
1	111003	2019100003	2	32	0	1	5	2	100	100	1101	1116	0		1-003	GO	BOOK3	COURSEDESCRIBE3
1	111004	2019100004	2	32	0	1	7	2	100	100	1101	1116	0		1-004	PYTHON	BOOK4	COURSEDESCRIBE4
1	111005	2019100005	2	32	0	1	9	2	100	100	1101	1116	0		1-005	C++	BOOK5	COURSEDESCRIBE5
1	111006	2019100006	2	32	0	2	1	2	100	100	1101	1116	0		1-006	4G	BOOK6	COURSEDESCRIBE6
1	111007	2019100007	2	32	0	2	3	2	100	100	1101	1116	0		1-007	5G	BOOK7	COURSEDESCRIBE7
1	111008	2019100008	2	32	0	2	5	2	100	100	1101	1116	0		1-008	6G	BOOK8	COURSEDESCRIBE8
1	111009	2019100009	2	32	0	2	7	2	100	100	1101	1116	0		1-009	EE	BOOK9	COURSEDESCRIBE9
1	111010	2019100010	2	32	0	2	9	2	100	100	1101	1116	0		1-010	ME	BOOK10	COURSEDESCRIBE10
1	111011	2019100011	2	32	0	3	1	2	100	100	1101	1116	0		2-001	ECE	BOOK11	COURSEDESCRIBE11
1	111012	2019100012	2	32	0	3	3	2	100	100	1101	1116	0		2-002	QM1	BOOK12	COURSEDESCRIBE12
1	111013	2019100013	2	32	0	3	5	2	100	100	1101	1116	0		2-003	QM2	BOOK13	COURSEDESCRIBE13
1	111014	2019100014	2	32	0	3	7	2	100	100	1101	1116	0		2-004	QM3	BOOK14	COURSEDESCRIBE14
1	111015	2019100015	2	32	0	3	9	2	100	0	1101	1116	100	
2019200001
2019200002
2019200003
2019200004
2019200005
2019200006
2019200007
2019200008
2019200009
2019200010
2019200011
2019200012
2019200013
2019200014
2019200015
2019200016
2019200017
2019200018
2019200019
2019200020
2019200021
2019200022
2019200023
2019200024
2019200025
2019200026
2019200027
2019200028
2019200029
2019200030
2019200031
2019200032
2019200033
2019200034
2019200035
2019200036
2019200037
2019200038
2019200039
2019200040
2019200041
2019200042
2019200043
2019200044
2019200045
2019200046
2019200047
2019200048
2019200049
2019200050
2019200051
2019200052
2019200053
2019200054
2019200055
2019200056
2019200057
2019200058
2019200059
2019200060
2019200061
2019200062
2019200063
2019200064
2019200065
2019200066
2019200067
2019200068
2019200069
2019200070
2019200071
2019200072
2019200073
2019200074
2019200075
2019200076
2019200077
2019200078
2019200079
2019200080
2019200081
2019200082
2019200083
2019200084
2019200085
2019200086
2019200087
2019200088
2019200089
2019200090
2019200091
2019200092
2019200093
2019200094
2019200095
2019200096
2019200097
2019200098
2019200099
2019200100
	2-005	ENGLISH	BOOK15	COURSEDESCRIBE15
1	111016	2019100016	4	64	1	4	1	4	80	80	1101	1116	0		2-006	MATH	MATHBOOK	COURSEDESCRIBE16
1	111017	2019100017	4	64	1	4	5	4	80	80	1101	1116	0		2-007	PHYSICS	PHYSICSBOOK	COURSEDESCRIBE17
1	111018	2019100018	4	64	1	4	1	4	80	80	1101	1116	0		2-008	CHEMISTRY	CHEMISTRYBOOK	COURSEDESCRIBE18
1	111019	2019100019	4	64	1	4	5	4	80	80	1101	1116	0		2-009	BIOLOGY	BIOLOGYBOOK	COURSEDESCRIBE19
1	111020	2019100020	4	64	1	4	1	4	80	80	1101	1116	0		2-010	LINEAR-ALGEBRA	LINEAR-ALGEBRABOOK	COURSEDESCRIBE20
2	111021	2019100001	2	32	0	1	3	2	100	60	1101	1116	40	
2019200001
2019200002
2019200003
2019200004
2019200005
2019200006
2019200007
2019200008
2019200009
2019200010
2019200011
2019200012
2019200013
2019200014
2019200015
2019200016
2019200017
2019200018
2019200019
2019200020
2019200021
2019200022
2019200023
2019200024
2019200025
2019200026
2019200027
2019200028
2019200029
2019200030
2019200031
2019200032
2019200033
2019200034
2019200035
2019200036
2019200037
2019200038
2019200039
2019200040
	1-001	CPP	CPPBOOK	COURSEDESCRIBE21
1	111022	2019100001	4	64	1	1	5	4	80	79	1101	1116	1	2019200001	1-001	PROGRAM	PROGRAMBOOK	COURSEDESCRIBE22